Date;Commits;Added lines;Removed lines;Total changes
2007-12; 20; 42718; 343; 43061
2008-01; 104; 4617; 1324; 5941
2008-02; 5; 94; 52; 146
2008-03; 15; 263; 214; 477
2008-04; 16; 232; 69; 301
2008-05; 6; 43; 41; 84
2008-06; 11; 5680; 9958; 15638
2008-08; 2; 8798; 7393; 16191
2008-09; 39; 2087; 2153; 4240
2008-10; 6; 174; 83; 257
2008-11; 12; 3485; 3603; 7088
2008-12; 36; 2151; 1667; 3818
2009-01; 30; 3533; 2414; 5947
2009-02; 44; 3550; 1066; 4616
2009-03; 7; 43; 16; 59
2009-04; 7; 983; 2118; 3101
2009-05; 18; 499; 1206; 1705
2009-06; 28; 1076; 678; 1754
2009-07; 26; 2295; 780; 3075
2009-08; 42; 2269; 588; 2857
2009-09; 24; 829; 441; 1270
2009-10; 8; 761; 360; 1121
2009-11; 21; 1196; 443; 1639
2009-12; 10; 2384; 882; 3266
2010-01; 29; 1760; 1363; 3123
2010-02; 10; 142; 127; 269
2010-03; 9; 174; 123; 297
2010-04; 1; 39; 48; 87
2010-05; 15; 328; 2364; 2692
2010-06; 13; 958; 243; 1201
2010-07; 6; 263; 10; 273
2010-08; 3; 378; 453; 831
2010-09; 35; 4648; 1208; 5856
2010-10; 43; 1172; 961; 2133
2010-11; 5; 110; 17; 127
2010-12; 8; 90; 55; 145
2011-01; 5; 32; 11; 43
2011-02; 6; 857; 24; 881
2011-03; 9; 126; 37; 163
2011-04; 43; 2582; 309; 2891
2011-05; 20; 1579; 231; 1810
2011-06; 1; 1; 1; 2
2011-07; 1; 59; 1; 60
2011-08; 4; 34; 18; 52
2011-09; 1; 7; 2; 9
2011-10; 3; 8; 1; 9
2011-11; 4; 63; 8; 71
2011-12; 1; 5; 1; 6
2012-01; 1; 2; 1; 3
2012-02; 4; 31; 16; 47
2012-03; 1; 65; 65; 130
2012-04; 5; 17; 14; 31
2012-05; 12; 710; 431; 1141
2012-06; 8; 900; 10; 910
2012-07; 16; 518; 294; 812
2012-08; 3; 9; 5; 14
2012-09; 1; 12; 2; 14
2012-10; 1; 9; 8; 17
2012-11; 1; 2; 1; 3
2012-12; 3; 136; 15; 151
2013-03; 5; 181; 63; 244
2013-04; 4; 9; 6; 15
2013-06; 19; 382; 136; 518
2013-07; 8; 249; 69; 318
2013-08; 4; 53; 17; 70
2013-09; 5; 596; 218; 814
2013-10; 8; 202; 54; 256
2013-11; 5; 95; 24; 119
2014-01; 10; 349; 13; 362
2014-04; 4; 55; 6; 61
2014-05; 6; 96; 61; 157
2014-06; 9; 189; 39; 228
2014-07; 8; 1226; 51; 1277
2014-08; 10; 175; 59; 234
2014-09; 7; 186; 62; 248
2014-10; 10; 833; 567; 1400
2014-11; 12; 317; 186; 503
2014-12; 30; 321; 150; 471
2015-01; 9; 52; 43; 95
2015-02; 10; 98; 26; 124
2015-03; 13; 337; 78; 415
2015-04; 3; 9; 11; 20
2015-05; 4; 13; 3; 16
2015-06; 3; 863; 10; 873
2015-07; 1; 13; 5; 18
2015-08; 5; 216; 211; 427
2015-09; 1; 18; 0; 18
2015-10; 5; 49; 14; 63
2015-11; 14; 133; 46; 179
2016-03; 3; 101; 55; 156
2016-04; 2; 2; 2; 4
2016-06; 2; 29; 3; 32
2016-10; 2; 39; 1; 40
2016-11; 1; 532; 423; 955
2016-12; 2; 62; 0; 62
2017-03; 6; 126; 37; 163
2017-04; 8; 1238; 242; 1480
2017-05; 2; 7; 3; 10
2017-08; 1; 8; 0; 8
2017-09; 6; 980; 36; 1016
2018-01; 3; 17; 1; 18
2018-02; 2; 3; 3; 6
2018-04; 5; 46; 3; 49
2018-05; 1; 4; 3; 7
2018-07; 2; 3; 3; 6
2018-10; 1; 20; 5; 25
2018-11; 4; 98; 3; 101
2018-12; 2; 26; 7; 33
2019-01; 1; 4; 2; 6
2019-03; 3; 327; 82; 409
2019-04; 3; 958; 16; 974
2019-05; 8; 81; 41; 122
2019-06; 32; 383; 164; 547
2019-07; 3; 6; 4; 10
2019-09; 1; 65; 8; 73
2019-12; 4; 409; 314; 723
2020-01; 8; 64; 48; 112
2020-02; 31; 7501; 316; 7817
2020-03; 20; 7512; 1584; 9096
2020-04; 1; 1; 1; 2
2020-07; 2; 11; 9; 20
2020-09; 1; 7; 3; 10
2020-11; 6; 66; 51; 117
2020-12; 5; 24; 0; 24
2021-01; 18; 1130; 252; 1382
2021-02; 1; 9; 2; 11
2021-04; 2; 8; 0; 8
2021-06; 2; 3; 3; 6
2021-09; 4; 26; 19; 45
2021-10; 5; 102; 8; 110
2021-11; 3; 8; 7; 15
2021-12; 1; 11; 1; 12
2022-01; 1; 6; 0; 6
2022-02; 9; 3624; 38; 3662
2022-03; 10; 2093; 53; 2146
2022-04; 10; 438; 137; 575
2022-05; 7; 95; 74; 169
2022-06; 27; 7049; 379; 7428
2022-07; 27; 5456; 128; 5584
2022-08; 15; 582; 59; 641
2022-09; 24; 2063; 58; 2121
2022-10; 39; 2038; 405; 2443
2022-11; 85; 7399; 3736; 11135
2022-12; 51; 14080; 5452; 19532
2023-01; 100; 12864; 1687; 14551
2023-02; 47; 1854; 666; 2520
2023-03; 44; 754; 466; 1220
2023-04; 15; 408; 123; 531
2023-05; 35; 2444; 3983; 6427
2023-06; 20; 350; 171; 521
2023-07; 44; 3945; 3383; 7328
2023-08; 23; 250; 113; 363
2023-09; 78; 1709; 4326; 6035
2023-10; 46; 1758; 1186; 2944
2023-11; 23; 513; 115; 628
2023-12; 24; 951; 489; 1440
2024-01; 40; 2060; 349; 2409
2024-02; 153; 23949; 15654; 39603
2024-03; 26; 2354; 2107; 4461
2024-04; 100; 1276; 4176; 5452
2024-05; 78; 14524; 15125; 29649
2024-06; 12; 69; 32; 101
