Date;Commits;Added lines;Removed lines;Total changes
2022-01; 1; 6; 0; 6
2022-05; 1; 1; 0; 1
2022-06; 4; 656; 8; 664
2022-07; 3; 101; 18; 119
2022-08; 2; 10; 6; 16
2022-09; 5; 58; 6; 64
2022-10; 6; 861; 245; 1106
2022-11; 4; 13; 30; 43
2022-12; 21; 11604; 1531; 13135
2023-01; 49; 12344; 1379; 13723
2023-02; 39; 1732; 621; 2353
2023-03; 26; 644; 352; 996
2023-04; 13; 393; 122; 515
2023-05; 34; 2442; 3981; 6423
2023-06; 14; 256; 144; 400
2023-07; 39; 3893; 3335; 7228
2023-08; 15; 195; 59; 254
2023-09; 26; 1022; 1203; 2225
2023-10; 15; 646; 595; 1241
2023-11; 19; 485; 87; 572
2023-12; 16; 708; 430; 1138
2024-01; 30; 1743; 237; 1980
2024-02; 59; 19971; 12932; 32903
2024-03; 11; 2140; 2018; 4158
