Date;Commits;Added lines;Removed lines;Total changes
2007-12; 19; 42717; 341; 43058
2008-01; 104; 4617; 1324; 5941
2008-02; 5; 94; 52; 146
2008-03; 15; 263; 214; 477
2008-04; 16; 232; 69; 301
2008-05; 6; 43; 41; 84
2008-06; 11; 5680; 9958; 15638
2008-08; 2; 8798; 7393; 16191
2008-09; 39; 2087; 2153; 4240
2008-10; 6; 174; 83; 257
2008-11; 12; 3485; 3603; 7088
2008-12; 36; 2151; 1667; 3818
2009-01; 29; 3521; 2401; 5922
2009-02; 42; 3449; 1066; 4515
2009-03; 6; 40; 13; 53
2009-04; 7; 983; 2118; 3101
2009-05; 17; 485; 1204; 1689
2009-06; 28; 1076; 678; 1754
2009-07; 25; 2292; 777; 3069
2009-08; 40; 2261; 586; 2847
2009-09; 23; 827; 441; 1268
2009-10; 7; 759; 358; 1117
2009-11; 21; 1196; 443; 1639
2009-12; 9; 2362; 876; 3238
2010-01; 29; 1760; 1363; 3123
2010-02; 10; 142; 127; 269
2010-03; 9; 174; 123; 297
2010-04; 1; 39; 48; 87
2010-05; 14; 327; 2363; 2690
2010-06; 13; 958; 243; 1201
2010-07; 6; 263; 10; 273
2010-08; 3; 378; 453; 831
2010-09; 34; 4647; 1207; 5854
2010-10; 43; 1172; 961; 2133
2010-11; 3; 17; 16; 33
2010-12; 8; 90; 55; 145
2011-01; 5; 32; 11; 43
2011-02; 6; 857; 24; 881
2011-03; 9; 126; 37; 163
2011-04; 42; 2580; 307; 2887
2011-05; 20; 1579; 231; 1810
2011-06; 1; 1; 1; 2
2011-07; 1; 59; 1; 60
2011-08; 3; 16; 11; 27
2011-09; 1; 7; 2; 9
2011-10; 3; 8; 1; 9
2011-11; 4; 63; 8; 71
2011-12; 1; 5; 1; 6
2012-01; 1; 2; 1; 3
2012-02; 4; 31; 16; 47
2012-04; 5; 17; 14; 31
2012-05; 12; 710; 431; 1141
2012-06; 8; 900; 10; 910
2012-07; 16; 518; 294; 812
2012-08; 3; 9; 5; 14
2012-09; 1; 12; 2; 14
2012-10; 1; 9; 8; 17
2012-12; 3; 136; 15; 151
2013-03; 5; 181; 63; 244
2013-04; 3; 8; 5; 13
2013-06; 19; 382; 136; 518
2013-07; 8; 249; 69; 318
2013-08; 2; 30; 4; 34
2013-09; 5; 596; 218; 814
2013-10; 8; 202; 54; 256
2013-11; 5; 95; 24; 119
2014-01; 10; 349; 13; 362
2014-04; 4; 55; 6; 61
2014-05; 6; 96; 61; 157
2014-06; 9; 189; 39; 228
2014-07; 8; 1226; 51; 1277
2014-08; 10; 175; 59; 234
2014-09; 6; 102; 10; 112
2014-10; 7; 548; 313; 861
2014-11; 11; 118; 74; 192
2014-12; 20; 240; 86; 326
2015-01; 9; 52; 43; 95
2015-02; 10; 98; 26; 124
2015-03; 13; 337; 78; 415
2015-04; 3; 9; 11; 20
2015-05; 3; 12; 2; 14
2015-06; 3; 863; 10; 873
2015-07; 1; 13; 5; 18
2015-08; 4; 20; 24; 44
2015-09; 1; 18; 0; 18
2015-10; 5; 49; 14; 63
2015-11; 14; 133; 46; 179
2016-03; 3; 101; 55; 156
2016-04; 2; 2; 2; 4
2016-06; 2; 29; 3; 32
2016-10; 2; 39; 1; 40
2016-11; 1; 532; 423; 955
2016-12; 2; 62; 0; 62
2017-03; 6; 126; 37; 163
2017-04; 8; 1238; 242; 1480
2017-05; 1; 6; 2; 8
2017-08; 1; 8; 0; 8
2017-09; 6; 980; 36; 1016
2018-01; 2; 12; 0; 12
2018-02; 2; 3; 3; 6
2018-04; 5; 46; 3; 49
2018-05; 1; 4; 3; 7
2018-07; 2; 3; 3; 6
2018-10; 1; 20; 5; 25
2018-11; 3; 96; 1; 97
2018-12; 2; 26; 7; 33
2019-01; 1; 4; 2; 6
2019-03; 3; 327; 82; 409
2019-05; 7; 55; 15; 70
2019-06; 32; 383; 164; 547
2019-07; 3; 6; 4; 10
2019-09; 1; 65; 8; 73
2019-12; 4; 409; 314; 723
2020-01; 8; 64; 48; 112
2020-02; 31; 7501; 316; 7817
2020-03; 17; 7501; 1572; 9073
2020-04; 1; 1; 1; 2
2020-07; 2; 11; 9; 20
2020-11; 6; 66; 51; 117
2020-12; 4; 6; 0; 6
2021-01; 18; 1130; 252; 1382
2021-02; 1; 9; 2; 11
2021-04; 1; 2; 0; 2
2021-06; 2; 3; 3; 6
2021-09; 4; 26; 19; 45
2021-10; 4; 95; 7; 102
2021-11; 2; 2; 1; 3
2022-02; 8; 3620; 34; 3654
2022-03; 10; 2093; 53; 2146
2022-04; 10; 438; 137; 575
2022-05; 6; 94; 74; 168
2022-06; 22; 6392; 371; 6763
2022-07; 23; 5354; 110; 5464
2022-08; 13; 572; 53; 625
2022-09; 19; 2005; 52; 2057
2022-10; 33; 1177; 160; 1337
2022-11; 81; 7386; 3706; 11092
2022-12; 30; 2476; 3921; 6397
2023-01; 51; 520; 308; 828
2023-02; 8; 122; 45; 167
2023-03; 18; 110; 114; 224
2023-04; 1; 1; 1; 2
2023-05; 1; 2; 2; 4
2023-06; 3; 38; 20; 58
2023-07; 4; 23; 19; 42
2023-08; 6; 53; 52; 105
2023-09; 45; 642; 3112; 3754
2023-10; 28; 613; 329; 942
2023-11; 2; 24; 24; 48
2023-12; 3; 13; 9; 22
2024-01; 9; 187; 103; 290
2024-02; 92; 3974; 2720; 6694
2024-03; 12; 151; 45; 196
2024-04; 80; 1065; 4128; 5193
2024-05; 77; 14518; 15125; 29643
2024-06; 10; 58; 22; 80
