Date;Commits;Added lines;Removed lines;Total changes
2022-02; 1; 2; 0; 2
2022-03; 2; 53; 20; 73
2022-04; 1; 24; 2; 26
2022-06; 6; 4993; 34; 5027
2022-07; 5; 5036; 0; 5036
2022-08; 3; 94; 5; 99
2022-09; 1; 2; 2; 4
2022-10; 2; 35; 0; 35
2022-11; 4; 54; 45; 99
2022-12; 2; 19; 0; 19
2023-09; 2; 48; 8; 56
